%loc	type	subtyp	n	ord	thresh	pol0	pol1	pol2	pol3
1	dssd_front	dssd_front	1	2	0	-113.9389001132	16.0327917007	147.4307540217	15.160869956
2	dssd_front	dssd_front	1	2	0	-113.9389001132	16.0327917007	147.4307540217	15.160869956
3	dssd_front	dssd_front	1	2	0	-132.3915406678	16.0876923166	125.3690884477	15.2251805054
4	dssd_front	dssd_front	1	2	0	-126.7884553848	16.03674964	107.5512890095	15.2596110357
5	dssd_front	dssd_front	1	2	0	-123.0401937278	15.8171010221	148.5829425816	14.924798726
6	dssd_front	dssd_front	1	2	0	-129.2135038718	16.2422277949	109.7333882482	15.4397766795
7	dssd_front	dssd_front	1	2	0	-129.8209387316	16.2249063464	158.7170118477	15.2568508637
8	dssd_front	dssd_front	1	2	0	-126.8056954992	16.1955606308	159.0846202474	15.2348053825
9	dssd_front	dssd_front	1	2	0	-132.7441956323	16.0735876644	155.0417525311	15.1146850641
10	dssd_front	dssd_front	1	2	0	-119.4424647207	15.825426786	141.8450004436	14.9671723893
11	dssd_front	dssd_front	1	2	0	-117.3290140557	16.1322464924	162.0500765559	15.1936413582
12	dssd_front	dssd_front	1	2	0	-122.8801611721	15.8152119961	118.2430747306	15.025830587
13	dssd_front	dssd_front	1	2	0	-131.4226844695	16.279010608	195.7892796115	15.1717780376
14	dssd_front	dssd_front	1	2	0	-115.9665161064	16.082430587	163.5739427135	15.1472568914
15	dssd_front	dssd_front	1	2	0	-131.9630130192	16.2336054785	193.2295611595	15.1391007808
16	dssd_front	dssd_front	1	2	0	-124.3677941377	15.7151717116	124.8147853736	14.8997526939
17	dssd_front	dssd_front	1	2	0	-134.0549964482	15.8570097393	122.5563468043	15.0164678654
18	dssd_front	dssd_front	1	2	0	-123.958724093	16.1043061686	90.3097801295	15.3904753216
19	dssd_front	dssd_front	1	2	0	-114.4034910012	16.2586955266	116.6936135071	15.4794457699
20	dssd_front	dssd_front	1	2	0	-130.1035222438	15.7987486052	112.3660857194	15.0004446025
21	dssd_front	dssd_front	1	2	0	-121.4728986786	16.1581944503	123.9905437352	15.3386979451
22	dssd_front	dssd_front	1	2	0	-123.458465575	16.1061877799	108.762543174	15.3331212507
23	dssd_front	dssd_front	1	2	0	-118.1868697534	16.310132942	150.1406920478	15.4017164247
24	dssd_front	dssd_front	1	2	0	-139.3100358677	15.9385100528	124.5320707522	15.0701268537
25	dssd_front	dssd_front	1	2	0	-117.111195216	16.0792603166	125.246967228	15.2720441789
26	dssd_front	dssd_front	1	2	0	-135.919853037	16.1148604633	108.6048167634	15.3025217707
27	dssd_front	dssd_front	1	2	0	-124.7045375687	16.1581944503	162.3621621622	15.1977477477
28	dssd_front	dssd_front	1	2	0	-122.5878362468	15.971116685	159.8269470683	15.0325253965
29	dssd_front	dssd_front	1	2	0	-126.8328318071	15.8787400836	138.9674966652	15.0017785683
30	dssd_front	dssd_front	1	2	0	-130.4635088633	15.6823528605	91.7619976936	14.9645169875
31	dssd_front	dssd_front	1	2	0	-131.3286668339	15.9156127223	144.0745617938	15.0097873476
32	dssd_front	dssd_front	1	2	0	-129.1894815099	15.7242539817	149.8399332689	14.8120993942
33	dssd_front	dssd_front	1	2	0	-105.4809911497	15.7537133665	173.1178203888	14.8381563902
34	dssd_front	dssd_front	1	2	0	-107.3021323089	16.0877222496	150.133742442	15.2238065157
35	dssd_front	dssd_front	1	2	0	-131.3319071455	16.1366759817	148.5888608508	15.2032263879
36	dssd_front	dssd_front	1	2	0	-114.3480267109	16.0305648381	158.3740813766	15.1187488797
37	dssd_front	dssd_front	1	2	0	-125.8410073211	15.9076963225	159.8954767184	14.9618625277
38	dssd_front	dssd_front	1	2	0	-119.2597433089	15.7496432542	83.4893578966	15.0862994098
39	dssd_front	dssd_front	1	2	0	-120.3049862836	16.6989483253	141.5456289779	15.7894983152
40	dssd_front	dssd_front	1	2	0	-121.2424941274	16.0080408534	89.3004174986	15.3108549646
41	dssd_front	dssd_front	1	2	0	-133.2674390538	16.2191426911	142.3686071817	15.2969713457
42	dssd_front	dssd_front	1	2	0	-103.8871269687	15.8189348277	130.1605103498	15.051302641
43	dssd_front	dssd_front	1	2	0	-125.858316327	16.0678676181	155.1653811659	15.1295964126
44	dssd_front	dssd_front	1	2	0	-118.8893279692	15.9422588347	176.269496939	14.9671723893
45	dssd_front	dssd_front	1	2	0	-110.1662046991	15.8920938787	156.0823916719	15.0097873476
46	dssd_front	dssd_front	1	2	0	-118.5889493058	15.6701893852	137.5062450523	14.8381563902
47	dssd_front	dssd_front	1	2	0	-122.3208608694	15.5636595928	160.177675549	14.6423921535
48	dssd_front	dssd_front	1	2	0	-96.2672829519	15.5493652679	150.9449156247	14.7499344234
									
1	dssd_back	dssd_back	1	2	0	-128.3026862692	3.5717376055	-85.3387286392	3.5414829743
2	dssd_back	dssd_back	1	2	0	-126.2208575348	3.4924150503	-145.1575795384	3.5079018507
3	dssd_back	dssd_back	1	2	0	-127.8926664401	3.5128722566	-115.8766861347	3.5062249288
4	dssd_back	dssd_back	1	2	0	-130.7366677464	3.4636971429	-173.4112546929	3.4990977163
5	dssd_back	dssd_back	1	2	0	-131.0131684687	3.5498429281	-106.8132397612	3.533989735
6	dssd_back	dssd_back	1	2	0	-151.1485405946	3.5408058646	-142.2513055515	3.5379920723
7	dssd_back	dssd_back	1	2	0	-132.1681232986	3.4850558151	-115.2635591823	3.4762405209
8	dssd_back	dssd_back	1	2	0	-133.5342396194	3.586166478	-117.4776885083	3.5760922562
9	dssd_back	dssd_back	1	2	0	-131.022032236	3.5441212751	-109.4097763257	3.5330275614
10	dssd_back	dssd_back	1	2	0	-136.3969312993	3.5664096422	-116.6459694071	3.5543171379
11	dssd_back	dssd_back	1	2	0	-121.6241790053	3.5234757141	-116.9968888332	3.522404577
12	dssd_back	dssd_back	1	2	0	-129.5469754947	3.502311798	-126.8454445391	3.5034578721
13	dssd_back	dssd_back	1	2	0	-136.7358824041	3.529407096	-131.9058971142	3.5277080719
14	dssd_back	dssd_back	1	2	0	-126.4303966725	3.4389207229	-136.3976348175	3.4485261049
15	dssd_back	dssd_back	1	2	0	-125.0402885588	3.4747220429	-99.4053128907	3.4577858856
16	dssd_back	dssd_back	1	2	0	-121.9326128552	3.4737703973	-99.9942952125	3.461759455
17	dssd_back	dssd_back	1	2	0	-140.9119883828	3.5302257445	-116.6942134984	3.5151382551
18	dssd_back	dssd_back	1	2	0	-129.9453071177	3.4507482226	-151.9382005141	3.4693059126
19	dssd_back	dssd_back	1	2	0	-126.1715876185	3.5135836657	-146.6379285086	3.5305135825
20	dssd_back	dssd_back	1	2	0	-128.9047483575	3.4868313183	-139.3855803923	3.4980093725
21	dssd_back	dssd_back	1	2	0	-129.784292182	3.528130391	-123.1508676563	3.5269705206
22	dssd_back	dssd_back	1	2	0	-130.2389298144	3.545564919	-115.9490643618	3.5389569523
23	dssd_back	dssd_back	1	2	0	-131.3458908939	3.5635595874	-77.0459762905	3.5270442618
24	dssd_back	dssd_back	1	2	0	-132.0083618117	3.5530623805	-117.7811245402	3.5458749343
25	dssd_back	dssd_back	1	2	0	-118.0865721627	3.4832866143	-107.142307613	3.4794670297
26	dssd_back	dssd_back	1	2	0	-127.2569453644	3.5388992797	-96.901554188	3.5192448107
27	dssd_back	dssd_back	1	2	0	-129.7627882836	3.5547948075	-47.9140458174	3.4973566912
28	dssd_back	dssd_back	1	2	0	-128.5385287255	3.5206256203	-105.6964619798	3.5067351266
29	dssd_back	dssd_back	1	2	0	-129.5973658737	3.5350204986	-94.9268790339	3.5122839892
30	dssd_back	dssd_back	1	2	0	-124.3517050886	3.457923128	-117.232562427	3.4556609378
31	dssd_back	dssd_back	1	2	0	-122.7014187409	3.4144703928	-104.7803273395	3.40447216
32	dssd_back	dssd_back	1	2	0	-123.4769879415	3.3938646394	-114.4707147451	3.3907179611
33	dssd_back	dssd_back	1	2	0	-135.5997928602	3.4408914781	-220.6119840379	3.5061520555
34	dssd_back	dssd_back	1	2	0	-128.1054599016	3.5542056425	-109.031251969	3.5430449667
35	dssd_back	dssd_back	1	2	0	-134.8300276011	3.4689890452	-204.5588812766	3.5235817529
36	dssd_back	dssd_back	1	2	0	-133.2916869739	3.5281120957	-130.3520696438	3.5302180555
37	dssd_back	dssd_back	1	2	0	-135.1667666696	3.5172291385	-128.5013751146	3.5147720643
38	dssd_back	dssd_back	1	2	0	-135.7003964919	3.4686609419	-186.1986519378	3.5094343548
39	dssd_back	dssd_back	1	2	0	-136.1859826959	3.5712503192	-110.6477727675	3.5546167137
40	dssd_back	dssd_back	1	2	0	-132.8859248182	3.5229051094	-149.5336367068	3.5376211047
41	dssd_back	dssd_back	1	2	0	-142.8280685034	3.4852338735	-154.8860569249	3.4970666888
42	dssd_back	dssd_back	1	2	0	-137.1480049486	3.4940272753	-143.1075540986	3.499968879
43	dssd_back	dssd_back	1	2	0	-141.0577514497	3.4771638675	-167.5046168531	3.5004046231
44	dssd_back	dssd_back	1	2	0	-137.3914040862	3.4966206053	-117.161852816	3.4852898641
45	dssd_back	dssd_back	1	2	0	-135.1876563826	3.4752060116	-170.6359463277	3.5039672649
46	dssd_back	dssd_back	1	2	0	-131.6614682634	3.4848571625	-93.6520820513	3.4604102564
47	dssd_back	dssd_back	1	2	0	-127.5853451295	3.4465666659	-117.3272467612	3.4417015199
48	dssd_back	dssd_back	1	2	0	-130.9759444988	3.440465525	-96.214851746	3.4189619181
49	dssd_back	dssd_back	1	2	0	-134.1177897551	3.4707190372	-227.0944794291	3.5410369437
50	dssd_back	dssd_back	1	2	0	-135.9769735266	3.4877682247	-238.8221404866	3.5659627539
51	dssd_back	dssd_back	1	2	0	-133.0926970041	3.5193042327	-179.3987603306	3.5565651881
52	dssd_back	dssd_back	1	2	0	-127.4046732556	3.445994298	-223.2374953068	3.5187309666
53	dssd_back	dssd_back	1	2	0	-133.7122131459	3.5268649909	-169.4983034416	3.555290944
54	dssd_back	dssd_back	1	2	0	-135.934713539	3.4832985528	-210.3499926534	3.5409626162
55	dssd_back	dssd_back	1	2	0	-139.7261466273	3.4510884128	-307.3331743913	3.5750312586
56	dssd_back	dssd_back	1	2	0	-132.1398312305	3.4380932909	-301.3521335023	3.5634769751
57	dssd_back	dssd_back	1	2	0	-130.4439322083	3.4559546905	-204.7159578456	3.5134544091
58	dssd_back	dssd_back	1	2	0	-134.2679220321	3.5507154594	-200.013254582	3.6035160422
59	dssd_back	dssd_back	1	2	0	-133.6853068492	3.4624115211	-227.2149739229	3.5333975661
60	dssd_back	dssd_back	1	2	0	-134.8478045932	3.4458160088	-223.0192868146	3.5116990716
61	dssd_back	dssd_back	1	2	0	-126.1576397869	3.4741219209	-164.8232568769	3.5048408543
62	dssd_back	dssd_back	1	2	0	-128.8328888775	3.4294680847	-219.4943694394	3.498517182
63	dssd_back	dssd_back	1	2	0	-125.4313685079	3.4140016498	-190.0002257939	3.4627542747
64	dssd_back	dssd_back	1	2	0	-125.6776646115	3.4354901909	-190.5020966309	3.4846419202
65	dssd_back	dssd_back	1	2	0	-124.2244099468	3.4288674304	-114.9887120351	3.4248619458
66	dssd_back	dssd_back	1	2	0	-127.7844162297	3.4378955302	-142.6624654731	3.4515601023
67	dssd_back	dssd_back	1	2	0	-122.0700438464	3.4620667881	-82.6779522907	3.4365132718
68	dssd_back	dssd_back	1	2	0	-131.7781810049	3.4717617567	-106.9508082526	3.4562273351
69	dssd_back	dssd_back	1	2	0	-128.5950468927	3.4557902702	-153.1493580099	3.4767420292
70	dssd_back	dssd_back	1	2	0	-128.9719854774	3.4479421185	-162.4494262819	3.4751663474
71	dssd_back	dssd_back	1	2	0	-131.6061266233	3.4421933952	-115.8176007166	3.434134723
72	dssd_back	dssd_back	1	2	0	-136.8133753487	3.4281962031	-189.6545058199	3.4692345659
73	dssd_back	dssd_back	1	2	0	-131.5703580153	3.4466148921	-126.0092114132	3.4454974367
74	dssd_back	dssd_back	1	2	0	-121.0388749128	3.439312968	-117.9493035871	3.4401574321
75	dssd_back	dssd_back	1	2	0	-129.9177305089	3.4416285322	-96.5172343877	3.4204176805
76	dssd_back	dssd_back	1	2	0	-126.4424051267	3.4161524023	-125.8107176878	3.4191005087
77	dssd_back	dssd_back	1	2	0	-131.5214932344	3.399667846	-134.5838278632	3.4050906302
78	dssd_back	dssd_back	1	2	0	-119.8074912525	3.4125770605	-110.6057635956	3.4091506174
79	dssd_back	dssd_back	1	2	0	-125.0827092232	3.4350371948	-40.7318605675	3.3756553408
80	dssd_back	dssd_back	1	2	0	-121.782582251	3.3888476425	-104.5018626823	3.3787654222
81	dssd_back	dssd_back	1	2	0	-128.0880157045	3.4638633149	-134.5071407993	3.4715191176
82	dssd_back	dssd_back	1	2	0	-127.4497673691	3.4610281776	-163.3795957214	3.4902654501
83	dssd_back	dssd_back	1	2	0	-133.455283304	3.4861171699	-127.3317979013	3.4845699413
84	dssd_back	dssd_back	1	2	0	-136.2016805619	3.47669089	-138.3825708331	3.4811902846
85	dssd_back	dssd_back	1	2	0	-129.4913965404	3.4578822787	-140.2477432091	3.4688778763
86	dssd_back	dssd_back	1	2	0	-134.5110752859	3.4839396179	-149.0867437907	3.4974291993
87	dssd_back	dssd_back	1	2	0	-134.5137200692	3.5309349412	-105.1679366269	3.5120646222
88	dssd_back	dssd_back	1	2	0	-135.9998562502	3.4776637026	-142.9003285192	3.4855058989
89	dssd_back	dssd_back	1	2	0	-132.8995223486	3.468277374	-156.9602705162	3.4888939444
90	dssd_back	dssd_back	1	2	0	-135.3982188803	3.516381503	-149.3740192899	3.5294056112
91	dssd_back	dssd_back	1	2	0	-137.2498440114	3.484807456	-174.7429928939	3.5154312626
92	dssd_back	dssd_back	1	2	0	-133.9725697393	3.4632599322	-124.1224263801	3.4594167829
93	dssd_back	dssd_back	1	2	0	-130.1397686092	3.4176786607	-109.481833229	3.405159363
94	dssd_back	dssd_back	1	2	0	-129.8801966557	3.4566629723	-93.2483264492	3.4324577289
95	dssd_back	dssd_back	1	2	0	-130.9197834479	3.4601369601	-68.2824251261	3.4160541077
96	dssd_back	dssd_back	1	2	0	-132.6498311295	3.4775327318	-58.1939136086	3.4259052416
97	dssd_back	dssd_back	1	2	0	-131.061140431	3.505667667	-170.3049258708	3.5375469205
98	dssd_back	dssd_back	1	2	0	-120.0610425497	3.4933830992	-132.3271903763	3.5049136731
99	dssd_back	dssd_back	1	2	0	-134.5450676944	3.4932797699	-136.9902029899	3.497791785
100	dssd_back	dssd_back	1	2	0	-137.1198415992	3.5695988884	-91.7707607738	3.539402459
101	dssd_back	dssd_back	1	2	0	-136.2516240267	3.549829345	-93.4951373236	3.5206402872
102	dssd_back	dssd_back	1	2	0	-133.0748230637	3.5610370338	-108.107659324	3.5458004036
103	dssd_back	dssd_back	1	2	0	-130.6755237697	3.5059444848	-125.1010619506	3.5057877346
104	dssd_back	dssd_back	1	2	0	-139.4573841079	3.5200110606	-146.1102861206	3.5282983351
105	dssd_back	dssd_back	1	2	0	-125.2201115908	3.5611459143	-99.2564151062	3.545278776
106	dssd_back	dssd_back	1	2	0	-122.7587992186	3.5029941144	-115.2501141221	3.5003319915
107	dssd_back	dssd_back	1	2	0	-136.0846253777	3.4968842309	-111.8709963678	3.4814058115
108	dssd_back	dssd_back	1	2	0	-130.9627111624	3.5179249218	-104.822816995	3.5014217813
109	dssd_back	dssd_back	1	2	0	-142.375078518	3.5280331331	-154.6138753069	3.5400709294
110	dssd_back	dssd_back	1	2	0	-126.6963031039	3.4829575661	-120.510568468	3.4821244272
111	dssd_back	dssd_back	1	2	0	-125.7589068643	3.5049519696	-58.5659073668	3.4587784225
112	dssd_back	dssd_back	1	2	0	-127.748061631	3.4748408069	-83.538122359	3.4436687284
113	dssd_back	dssd_back	1	2	0	-131.0416309174	3.4327792741	-92.0059583922	3.4072914563
114	dssd_back	dssd_back	1	2	0	-129.6484014174	3.4258737385	-108.6376312967	3.4141183137
115	dssd_back	dssd_back	1	2	0	-130.2278616619	3.5094929045	-112.9752540967	3.4991702966
116	dssd_back	dssd_back	1	2	0	-129.9171734345	3.4548417328	-134.6647104691	3.4615463537
117	dssd_back	dssd_back	1	2	0	-136.6947056705	3.4371626522	-203.5094497632	3.48824466
118	dssd_back	dssd_back	1	2	0	-87.9307161244	3.4531731212	-129.4225398662	3.4845699413
119	dssd_back	dssd_back	1	2	0	-136.1043594096	3.4672076591	-127.4930381567	3.4643898632
120	dssd_back	dssd_back	1	2	0	-125.0950499597	3.5182725132	-94.5276608102	3.49924288
121	dssd_back	dssd_back	1	2	0	-128.5305512897	3.5301406701	-117.7142916832	3.5242442601
122	dssd_back	dssd_back	1	2	0	-133.9726263924	3.5145107266	-82.9651153196	3.4801130503
123	dssd_back	dssd_back	1	2	0	-135.7563439378	3.4786614014	-82.3989205403	3.4423335918
124	dssd_back	dssd_back	1	2	0	-129.3895697735	3.4739717283	-144.0183998346	3.4875956171
125	dssd_back	dssd_back	1	2	0	-129.7364850177	3.4912755916	-89.7168648715	3.4648879578
126	dssd_back	dssd_back	1	2	0	-130.9098180725	3.4415937392	-153.3983950085	3.4623278534
127	dssd_back	dssd_back	1	2	0	-126.5998876558	3.4431007639	-75.0574232237	3.4061219133
128	dssd_back	dssd_back	1	2	0	-44.1478280065	3.2986954117	-97.3685804791	3.3398336963
									
2	si	veto	1	2	0	580.3049468647	8.0563222056	0	
3	si	si	1	2	0	580.3049468647	8.0563222056	0	
4	si	si	1	2	0	589.055431777	7.6769933654	0	
5	si	si	1	2	0	186.4884772759	8.9343857711	0	
6	si	si	1	2	0	525.3142405863	7.8998291203	0	
7	si	si	1	2	0	553.5090813599	8.0978666307	0	
8	si	si	1	2	0	207.1418169746	8.6917406398	0	
									
1	mcp	1position1	1	2	100	0	1	0	
2	mcp	1position2	1	2	100	0	1	0	
1	logic	trigger	1	2	0	0	1	0	
2	logic	start	1	2	0	0	1	0	
3	logic	stop	1	2	0	0	1	0	

